%YAML:1.0
---
K1: !!opencv-matrix
   rows: 3
   cols: 3
   dt: d
   data: [ 4.6268606849429591e+02, 0., 3.1497954444833510e+02, 0.,
       4.6272665360442420e+02, 1.8753008192755220e+02, 0., 0., 1. ]
K2: !!opencv-matrix
   rows: 3
   cols: 3
   dt: d
   data: [ 4.6438278485123885e+02, 0., 3.2167305800118157e+02, 0.,
       4.6463139954072642e+02, 1.8361239622274252e+02, 0., 0., 1. ]
D1: !!opencv-matrix
   rows: 1
   cols: 5
   dt: d
   data: [ 1.1718157318519781e-01, -2.0933256625886054e-01,
       -1.5953293544432646e-03, -1.9977292606051340e-03,
       1.6010897158116967e-02 ]
D2: !!opencv-matrix
   rows: 1
   cols: 5
   dt: d
   data: [ 1.3462353664007259e-01, -1.6829080797424981e-01,
       -9.4326945503575912e-04, -1.1433307097817034e-03,
       -1.6795099942558597e-01 ]
R: !!opencv-matrix
   rows: 3
   cols: 3
   dt: d
   data: [ 9.9943596673685597e-01, -9.3804922108178083e-03,
       3.2245228463274621e-02, 9.8801191016806358e-03,
       9.9983305397087452e-01, -1.5370342670573646e-02,
       -3.2095663870725509e-02, 1.5680259983719594e-02,
       9.9936179525111934e-01 ]
T: [ -9.3474734735997475e-02, -1.0858737728757296e-03,
    4.8664630103759082e-03 ]
E: !!opencv-matrix
   rows: 3
   cols: 3
   dt: d
   data: [ -1.3229394526181308e-05, -4.8826773567686339e-03,
       -1.0103815590140461e-03, 1.8635844968723910e-03,
       1.4200583242066009e-03, 9.3571998927966249e-02,
       1.6171979175859277e-04, -9.3469315530678124e-02,
       1.4717529518219104e-03 ]
F: !!opencv-matrix
   rows: 3
   cols: 3
   dt: d
   data: [ -2.6582789963138512e-08, -9.8102601914936754e-06,
       9.0873114780033379e-04, 3.7426329463043481e-06,
       2.8516501016347812e-06, 8.5234553380932429e-02,
       -5.2773914015256951e-04, -8.4578180266833516e-02, 1. ]
R1: !!opencv-matrix
   rows: 3
   cols: 3
   dt: d
   data: [ 9.9980030414838128e-01, 1.4159750666540459e-03,
       -1.9933560630627747e-02, -1.5723035261381423e-03,
       9.9996811688982346e-01, -7.8289887879705693e-03,
       1.9921839433797075e-02, 7.8587669790552775e-03,
       9.9977065374771978e-01 ]
R2: !!opencv-matrix
   rows: 3
   cols: 3
   dt: d
   data: [ 9.9858033876063568e-01, 1.1600270415658708e-02,
       -5.1987890580189516e-02, -1.1204057358304837e-02,
       9.9990597587778962e-01, 7.9062318835926362e-03,
       5.2074716892230727e-02, -7.3125324046403413e-03,
       9.9861641821593594e-01 ]
P1: !!opencv-matrix
   rows: 3
   cols: 4
   dt: d
   data: [ 4.6367902657257531e+02, 0., 3.4195665740966797e+02, 0., 0.,
       4.6367902657257531e+02, 1.8541928291320801e+02, 0., 0., 0., 1.,
       0. ]
P2: !!opencv-matrix
   rows: 3
   cols: 4
   dt: d
   data: [ 4.6367902657257531e+02, 0., 3.4195665740966797e+02,
       -4.3403892835813529e+01, 0., 4.6367902657257531e+02,
       1.8541928291320801e+02, 0., 0., 0., 1., 0. ]
Q: !!opencv-matrix
   rows: 4
   cols: 4
   dt: d
   data: [ 1., 0., 0., -3.4195665740966797e+02, 0., 1., 0.,
       -1.8541928291320801e+02, 0., 0., 0., 4.6367902657257531e+02, 0.,
       0., 1.0682890318768443e+01, 0. ]
