%YAML:1.0
---
K: !!opencv-matrix
   rows: 3
   cols: 3
   dt: d
   data: [ 4.6268606849429591e+02, 0., 3.1497954444833510e+02, 0.,
       4.6272665360442420e+02, 1.8753008192755220e+02, 0., 0., 1. ]
D: !!opencv-matrix
   rows: 1
   cols: 5
   dt: d
   data: [ 1.1718157318519781e-01, -2.0933256625886054e-01,
       -1.5953293544432646e-03, -1.9977292606051340e-03,
       1.6010897158116967e-02 ]
board_width: 9
board_height: 6
square_size: 2.4229999631643295e-02
