%YAML:1.0
---
K: !!opencv-matrix
   rows: 3
   cols: 3
   dt: d
   data: [ 4.6438278485123885e+02, 0., 3.2167305800118157e+02, 0.,
       4.6463139954072642e+02, 1.8361239622274252e+02, 0., 0., 1. ]
D: !!opencv-matrix
   rows: 1
   cols: 5
   dt: d
   data: [ 1.3462353664007259e-01, -1.6829080797424981e-01,
       -9.4326945503575912e-04, -1.1433307097817034e-03,
       -1.6795099942558597e-01 ]
board_width: 9
board_height: 6
square_size: 2.4229999631643295e-02
